Профиль №1  с 01.11.2021 по 30.11.2021
Счетчик № 0816190453
Сохранен 30.11.2021 6:23:41

Дата	Время	A+, кВт	A-, кВт	R+, квар	R-, квар	Статус
01.11.2021	00:00-01:00	000,1551	000,0000	000,0595	000,0000	
01.11.2021	01:00-02:00	000,1453	000,0000	000,0581	000,0000	
01.11.2021	02:00-03:00	000,1518	000,0000	000,0602	000,0000	
01.11.2021	03:00-04:00	000,1524	000,0000	000,0595	000,0000	
01.11.2021	04:00-05:00	000,1527	000,0000	000,0615	000,0000	
01.11.2021	05:00-06:00	000,1524	000,0000	000,0610	000,0000	
01.11.2021	06:00-07:00	000,1679	000,0000	000,0658	000,0000	
01.11.2021	07:00-08:00	000,1789	000,0000	000,0694	000,0000	
01.11.2021	08:00-09:00	000,1785	000,0000	000,0654	000,0000	
01.11.2021	09:00-10:00	000,1794	000,0000	000,0664	000,0000	
01.11.2021	10:00-11:00	000,1788	000,0000	000,0675	000,0000	
01.11.2021	11:00-12:00	000,1733	000,0000	000,0662	000,0000	
01.11.2021	12:00-13:00	000,1500	000,0000	000,0592	000,0000	
01.11.2021	13:00-14:00	000,1486	000,0000	000,0601	000,0000	
01.11.2021	14:00-15:00	000,1333	000,0000	000,0550	000,0000	
01.11.2021	15:00-16:00	000,1483	000,0000	000,0609	000,0000	
01.11.2021	16:00-17:00	000,1499	000,0000	000,0590	000,0000	
01.11.2021	17:00-18:00	000,1506	000,0000	000,0579	000,0000	
01.11.2021	18:00-19:00	000,1525	000,0000	000,0606	000,0000	
01.11.2021	19:00-20:00	000,1431	000,0000	000,0569	000,0000	
01.11.2021	20:00-21:00	000,1420	000,0000	000,0551	000,0000	
01.11.2021	21:00-22:00	000,1294	000,0000	000,0552	000,0000	
01.11.2021	22:00-23:00	000,1332	000,0000	000,0545	000,0000	
01.11.2021	23:00-24:00	000,1552	000,0000	000,0614	000,0000	
02.11.2021	00:00-01:00	000,1527	000,0000	000,0606	000,0000	
02.11.2021	01:00-02:00	000,1328	000,0000	000,0544	000,0000	
02.11.2021	02:00-03:00	000,1696	000,0000	000,0667	000,0000	
02.11.2021	03:00-04:00	000,1488	000,0000	000,0566	000,0000	
02.11.2021	04:00-05:00	000,1383	000,0000	000,0575	000,0000	
02.11.2021	05:00-06:00	000,1557	000,0000	000,0617	000,0000	
02.11.2021	06:00-07:00	000,1501	000,0000	000,0606	000,0000	
02.11.2021	07:00-08:00	000,1755	000,0000	000,0672	000,0000	
02.11.2021	08:00-09:00	000,1635	000,0000	000,0644	000,0000	
02.11.2021	09:00-10:00	000,1660	000,0000	000,0650	000,0000	
02.11.2021	10:00-11:00	000,1623	000,0000	000,0644	000,0000	
02.11.2021	11:00-12:00	000,1734	000,0000	000,0665	000,0000	
02.11.2021	12:00-13:00	000,1770	000,0000	000,0683	000,0000	
02.11.2021	13:00-14:00	000,1542	000,0000	000,0602	000,0000	
02.11.2021	14:00-15:00	000,1665	000,0000	000,0629	000,0000	
02.11.2021	15:00-16:00	000,1432	000,0000	000,0552	000,0000	
02.11.2021	16:00-17:00	000,1621	000,0000	000,0645	000,0000	
02.11.2021	17:00-18:00	000,1542	000,0000	000,0595	000,0000	
02.11.2021	18:00-19:00	000,1576	000,0000	000,0602	000,0000	
02.11.2021	19:00-20:00	000,1555	000,0000	000,0581	000,0000	
02.11.2021	20:00-21:00	000,1732	000,0000	000,0667	000,0000	
02.11.2021	21:00-22:00	000,1714	000,0000	000,0662	000,0000	
02.11.2021	22:00-23:00	000,1268	000,0000	000,0518	000,0000	
02.11.2021	23:00-24:00	000,1678	000,0000	000,0631	000,0000	
03.11.2021	00:00-01:00	000,1691	000,0000	000,0644	000,0000	
03.11.2021	01:00-02:00	000,1537	000,0000	000,0600	000,0000	
03.11.2021	02:00-03:00	000,1718	000,0000	000,0659	000,0000	
03.11.2021	03:00-04:00	000,1322	000,0000	000,0533	000,0000	
03.11.2021	04:00-05:00	000,0952	000,0000	000,0427	000,0000	
03.11.2021	05:00-06:00	000,0649	000,0000	000,0316	000,0000	
03.11.2021	06:00-07:00	000,0625	000,0000	000,0315	000,0000	
03.11.2021	07:00-08:00	000,0656	000,0000	000,0341	000,0000	
03.11.2021	08:00-09:00	000,0666	000,0000	000,0325	000,0000	
03.11.2021	09:00-10:00	000,0648	000,0000	000,0306	000,0000	
03.11.2021	10:00-11:00	000,0600	000,0000	000,0300	000,0000	
03.11.2021	11:00-12:00	000,0576	000,0000	000,0285	000,0000	
03.11.2021	12:00-13:00	000,0635	000,0000	000,0318	000,0000	
03.11.2021	13:00-14:00	000,0531	000,0000	000,0283	000,0000	
03.11.2021	14:00-15:00	000,0548	000,0000	000,0290	000,0000	
03.11.2021	15:00-16:00	000,0493	000,0000	000,0260	000,0000	
03.11.2021	16:00-17:00	000,0479	000,0000	000,0249	000,0000	
03.11.2021	17:00-18:00	000,0509	000,0000	000,0269	000,0000	
03.11.2021	18:00-19:00	000,0505	000,0000	000,0261	000,0000	
03.11.2021	19:00-20:00	000,0460	000,0000	000,0235	000,0000	
03.11.2021	20:00-21:00	000,0577	000,0000	000,0293	000,0000	
03.11.2021	21:00-22:00	000,1020	000,0000	000,0444	000,0000	
03.11.2021	22:00-23:00	000,1467	000,0000	000,0581	000,0000	
03.11.2021	23:00-24:00	000,1454	000,0000	000,0595	000,0000	
04.11.2021	00:00-01:00	000,1358	000,0000	000,0570	000,0000	
04.11.2021	01:00-02:00	000,0948	000,0000	000,0440	000,0000	
04.11.2021	02:00-03:00	000,0666	000,0000	000,0359	000,0000	
04.11.2021	03:00-04:00	000,0657	000,0000	000,0351	000,0000	
04.11.2021	04:00-05:00	000,0607	000,0000	000,0333	000,0000	
04.11.2021	05:00-06:00	000,0552	000,0000	000,0292	000,0000	
04.11.2021	06:00-07:00	000,0561	000,0000	000,0283	000,0000	
04.11.2021	07:00-08:00	000,0633	000,0000	000,0297	000,0000	
04.11.2021	08:00-09:00	000,0624	000,0000	000,0293	000,0000	
04.11.2021	09:00-10:00	000,0528	000,0000	000,0271	000,0000	
04.11.2021	10:00-11:00	000,0540	000,0000	000,0269	000,0000	
04.11.2021	11:00-12:00	000,0435	000,0000	000,0239	000,0000	
04.11.2021	12:00-13:00	000,0426	000,0000	000,0231	000,0000	
04.11.2021	13:00-14:00	000,0402	000,0000	000,0244	000,0000	
04.11.2021	14:00-15:00	000,0781	000,0000	000,0372	000,0000	
04.11.2021	15:00-16:00	000,0868	000,0000	000,0396	000,0000	
04.11.2021	16:00-17:00	000,1636	000,0000	000,0621	000,0000	
04.11.2021	17:00-18:00	000,1650	000,0000	000,0637	000,0000	
04.11.2021	18:00-19:00	000,1646	000,0000	000,0623	000,0000	
04.11.2021	19:00-20:00	000,1687	000,0000	000,0639	000,0000	
04.11.2021	20:00-21:00	000,1188	000,0000	000,0480	000,0000	
04.11.2021	21:00-22:00	000,1054	000,0000	000,0447	000,0000	
04.11.2021	22:00-23:00	000,0924	000,0000	000,0406	000,0000	
04.11.2021	23:00-24:00	000,1660	000,0000	000,0627	000,0000	
05.11.2021	00:00-01:00	000,1453	000,0000	000,0570	000,0000	
05.11.2021	01:00-02:00	000,1637	000,0000	000,0614	000,0000	
05.11.2021	02:00-03:00	000,1710	000,0000	000,0644	000,0000	
05.11.2021	03:00-04:00	000,1604	000,0000	000,0613	000,0000	
05.11.2021	04:00-05:00	000,1381	000,0000	000,0545	000,0000	
05.11.2021	05:00-06:00	000,1671	000,0000	000,0621	000,0000	
05.11.2021	06:00-07:00	000,1520	000,0000	000,0592	000,0000	
05.11.2021	07:00-08:00	000,1717	000,0000	000,0644	000,0000	
05.11.2021	08:00-09:00	000,1511	000,0000	000,0574	000,0000	
05.11.2021	09:00-10:00	000,1754	000,0000	000,0656	000,0000	
05.11.2021	10:00-11:00	000,1470	000,0000	000,0569	000,0000	
05.11.2021	11:00-12:00	000,1715	000,0000	000,0624	000,0000	
05.11.2021	12:00-13:00	000,1638	000,0000	000,0640	000,0000	
05.11.2021	13:00-14:00	000,1476	000,0000	000,0568	000,0000	
05.11.2021	14:00-15:00	000,1820	000,0000	000,0663	000,0000	
05.11.2021	15:00-16:00	000,1454	000,0000	000,0576	000,0000	
05.11.2021	16:00-17:00	000,1883	000,0000	000,0698	000,0000	
05.11.2021	17:00-18:00	000,1559	000,0000	000,0589	000,0000	
05.11.2021	18:00-19:00	000,1948	000,0000	000,0715	000,0000	
05.11.2021	19:00-20:00	000,1648	000,0000	000,0631	000,0000	
05.11.2021	20:00-21:00	000,1425	000,0000	000,0552	000,0000	
05.11.2021	21:00-22:00	000,1943	000,0000	000,0714	000,0000	
05.11.2021	22:00-23:00	000,1632	000,0000	000,0613	000,0000	
05.11.2021	23:00-24:00	000,1358	000,0000	000,0535	000,0000	
06.11.2021	00:00-01:00	000,1751	000,0000	000,0643	000,0000	
06.11.2021	01:00-02:00	000,1804	000,0000	000,0673	000,0000	
06.11.2021	02:00-03:00	000,1500	000,0000	000,0589	000,0000	
06.11.2021	03:00-04:00	000,1897	000,0000	000,0672	000,0000	
06.11.2021	04:00-05:00	000,1378	000,0000	000,0534	000,0000	
06.11.2021	05:00-06:00	000,1935	000,0000	000,0698	000,0000	
06.11.2021	06:00-07:00	000,1847	000,0000	000,0653	000,0000	
06.11.2021	07:00-08:00	000,1642	000,0000	000,0615	000,0000	
06.11.2021	08:00-09:00	000,1890	000,0000	000,0702	000,0000	
06.11.2021	09:00-10:00	000,1528	000,0000	000,0575	000,0000	
06.11.2021	10:00-11:00	000,1541	000,0000	000,0584	000,0000	
06.11.2021	11:00-12:00	000,0634	000,0000	000,0340	000,0000	
06.11.2021	12:00-13:00	000,0608	000,0000	000,0301	000,0000	
06.11.2021	13:00-14:00	000,0617	000,0000	000,0313	000,0000	
06.11.2021	14:00-15:00	000,0600	000,0000	000,0304	000,0000	
06.11.2021	15:00-16:00	000,0592	000,0000	000,0282	000,0000	
06.11.2021	16:00-17:00	000,0655	000,0000	000,0310	000,0000	
06.11.2021	17:00-18:00	000,0670	000,0000	000,0297	000,0000	
06.11.2021	18:00-19:00	000,0599	000,0000	000,0281	000,0000	
06.11.2021	19:00-20:00	000,0501	000,0000	000,0250	000,0000	
06.11.2021	20:00-21:00	000,0564	000,0000	000,0264	000,0000	
06.11.2021	21:00-22:00	000,0541	000,0000	000,0267	000,0000	
06.11.2021	22:00-23:00	000,0527	000,0000	000,0255	000,0000	
06.11.2021	23:00-24:00	000,0466	000,0000	000,0245	000,0000	
07.11.2021	00:00-01:00	000,0497	000,0000	000,0254	000,0000	
07.11.2021	01:00-02:00	000,0434	000,0000	000,0241	000,0000	
07.11.2021	02:00-03:00	000,0477	000,0000	000,0240	000,0000	
07.11.2021	03:00-04:00	000,0474	000,0000	000,0248	000,0000	
07.11.2021	04:00-05:00	000,0527	000,0000	000,0253	000,0000	
07.11.2021	05:00-06:00	000,0464	000,0000	000,0242	000,0000	
07.11.2021	06:00-07:00	000,0568	000,0000	000,0283	000,0000	
07.11.2021	07:00-08:00	000,1390	000,0000	000,0527	000,0000	
07.11.2021	08:00-09:00	000,1615	000,0000	000,0607	000,0000	
07.11.2021	09:00-10:00	000,1369	000,0000	000,0539	000,0000	
07.11.2021	10:00-11:00	000,1408	000,0000	000,0553	000,0000	
07.11.2021	11:00-12:00	000,1710	000,0000	000,0638	000,0000	
07.11.2021	12:00-13:00	000,1270	000,0000	000,0499	000,0000	
07.11.2021	13:00-14:00	000,1211	000,0000	000,0493	000,0000	
07.11.2021	14:00-15:00	000,1499	000,0000	000,0574	000,0000	
07.11.2021	15:00-16:00	000,1246	000,0000	000,0497	000,0000	
07.11.2021	16:00-17:00	000,1834	000,0000	000,0695	000,0000	
07.11.2021	17:00-18:00	000,1615	000,0000	000,0605	000,0000	
07.11.2021	18:00-19:00	000,1866	000,0000	000,0695	000,0000	
07.11.2021	19:00-20:00	000,1487	000,0000	000,0576	000,0000	
07.11.2021	20:00-21:00	000,1212	000,0000	000,0508	000,0000	
07.11.2021	21:00-22:00	000,1698	000,0000	000,0636	000,0000	
07.11.2021	22:00-23:00	000,1726	000,0000	000,0678	000,0000	
07.11.2021	23:00-24:00	000,1329	000,0000	000,0538	000,0000	
08.11.2021	00:00-01:00	000,1804	000,0000	000,0674	000,0000	
08.11.2021	01:00-02:00	000,1348	000,0000	000,0543	000,0000	
08.11.2021	02:00-03:00	000,1939	000,0000	000,0737	000,0000	
08.11.2021	03:00-04:00	000,1670	000,0000	000,0627	000,0000	
08.11.2021	04:00-05:00	000,1213	000,0000	000,0492	000,0000	
08.11.2021	05:00-06:00	000,2000	000,0000	000,0745	000,0000	
08.11.2021	06:00-07:00	000,1796	000,0000	000,0675	000,0000	
08.11.2021	07:00-08:00	000,1581	000,0000	000,0603	000,0000	
08.11.2021	08:00-09:00	000,1991	000,0000	000,0768	000,0000	
08.11.2021	09:00-10:00	000,1803	000,0000	000,0688	000,0000	
08.11.2021	10:00-11:00	000,1728	000,0000	000,0650	000,0000	
08.11.2021	11:00-12:00	000,1770	000,0000	000,0680	000,0000	
08.11.2021	12:00-13:00	000,1530	000,0000	000,0607	000,0000	
08.11.2021	13:00-14:00	000,0749	000,0000	000,0362	000,0000	
08.11.2021	14:00-15:00	000,1292	000,0000	000,0537	000,0000	
08.11.2021	15:00-16:00	000,1339	000,0000	000,0539	000,0000	
08.11.2021	16:00-17:00	000,1187	000,0000	000,0484	000,0000	
08.11.2021	17:00-18:00	000,1271	000,0000	000,0528	000,0000	
08.11.2021	18:00-19:00	000,0945	000,0000	000,0418	000,0000	
08.11.2021	19:00-20:00	000,0567	000,0000	000,0301	000,0000	
08.11.2021	20:00-21:00	000,0539	000,0000	000,0280	000,0000	
08.11.2021	21:00-22:00	000,0550	000,0000	000,0278	000,0000	
08.11.2021	22:00-23:00	000,0848	000,0000	000,0398	000,0000	
08.11.2021	23:00-24:00	000,1142	000,0000	000,0487	000,0000	
09.11.2021	00:00-01:00	000,0806	000,0000	000,0380	000,0000	
09.11.2021	01:00-02:00	000,0820	000,0000	000,0385	000,0000	
09.11.2021	02:00-03:00	000,0543	000,0000	000,0285	000,0000	
09.11.2021	03:00-04:00	000,0607	000,0000	000,0294	000,0000	
09.11.2021	04:00-05:00	000,0588	000,0000	000,0273	000,0000	
09.11.2021	05:00-06:00	000,0512	000,0000	000,0247	000,0000	
09.11.2021	06:00-07:00	000,0480	000,0000	000,0233	000,0000	
09.11.2021	07:00-08:00	000,0491	000,0000	000,0249	000,0000	
09.11.2021	08:00-09:00	000,0501	000,0000	000,0238	000,0000	
09.11.2021	09:00-10:00	000,0474	000,0000	000,0237	000,0000	
09.11.2021	10:00-11:00	000,0414	000,0000	000,0214	000,0000	
09.11.2021	11:00-12:00	000,0436	000,0000	000,0226	000,0000	
09.11.2021	12:00-13:00	000,0327	000,0000	000,0187	000,0000	
09.11.2021	13:00-14:00	000,0307	000,0000	000,0184	000,0000	
09.11.2021	14:00-15:00	000,0348	000,0000	000,0188	000,0000	
09.11.2021	15:00-16:00	000,0345	000,0000	000,0190	000,0000	
09.11.2021	16:00-17:00	000,0384	000,0000	000,0200	000,0000	
09.11.2021	17:00-18:00	000,0360	000,0000	000,0185	000,0000	
09.11.2021	18:00-19:00	000,0419	000,0000	000,0214	000,0000	
09.11.2021	19:00-20:00	000,0500	000,0000	000,0250	000,0000	
09.11.2021	20:00-21:00	000,0453	000,0000	000,0235	000,0000	
09.11.2021	21:00-22:00	000,0595	000,0000	000,0291	000,0000	
09.11.2021	22:00-23:00	000,0483	000,0000	000,0247	000,0000	
09.11.2021	23:00-24:00	000,0469	000,0000	000,0238	000,0000	
10.11.2021	00:00-01:00	000,0711	000,0000	000,0334	000,0000	
10.11.2021	01:00-02:00	000,0458	000,0000	000,0240	000,0000	
10.11.2021	02:00-03:00	000,0474	000,0000	000,0244	000,0000	
10.11.2021	03:00-04:00	000,0464	000,0000	000,0257	000,0000	
10.11.2021	04:00-05:00	000,0466	000,0000	000,0240	000,0000	
10.11.2021	05:00-06:00	000,0660	000,0000	000,0338	000,0000	
10.11.2021	06:00-07:00	000,0913	000,0000	000,0400	000,0000	
10.11.2021	07:00-08:00	000,0864	000,0000	000,0381	000,0000	
10.11.2021	08:00-09:00	000,1613	000,0000	000,0604	000,0000	
10.11.2021	09:00-10:00	000,1093	000,0000	000,0475	000,0000	
10.11.2021	10:00-11:00	000,1260	000,0000	000,0504	000,0000	
10.11.2021	11:00-12:00	000,1185	000,0000	000,0472	000,0000	
10.11.2021	12:00-13:00	000,1220	000,0000	000,0499	000,0000	
10.11.2021	13:00-14:00	000,1228	000,0000	000,0505	000,0000	
10.11.2021	14:00-15:00	000,1277	000,0000	000,0509	000,0000	
10.11.2021	15:00-16:00	000,1312	000,0000	000,0518	000,0000	
10.11.2021	16:00-17:00	000,1287	000,0000	000,0519	000,0000	
10.11.2021	17:00-18:00	000,1471	000,0000	000,0563	000,0000	
10.11.2021	18:00-19:00	000,1488	000,0000	000,0563	000,0000	
10.11.2021	19:00-20:00	000,1235	000,0000	000,0498	000,0000	
10.11.2021	20:00-21:00	000,0960	000,0000	000,0426	000,0000	
10.11.2021	21:00-22:00	000,1157	000,0000	000,0482	000,0000	
10.11.2021	22:00-23:00	000,1115	000,0000	000,0457	000,0000	
10.11.2021	23:00-24:00	000,0707	000,0000	000,0337	000,0000	
11.11.2021	00:00-01:00	000,1093	000,0000	000,0470	000,0000	
11.11.2021	01:00-02:00	000,1081	000,0000	000,0501	000,0000	
11.11.2021	02:00-03:00	000,0982	000,0000	000,0444	000,0000	
11.11.2021	03:00-04:00	000,0608	000,0000	000,0321	000,0000	
11.11.2021	04:00-05:00	000,0669	000,0000	000,0336	000,0000	
11.11.2021	05:00-06:00	000,0816	000,0000	000,0374	000,0000	
11.11.2021	06:00-07:00	000,0897	000,0000	000,0389	000,0000	
11.11.2021	07:00-08:00	000,0608	000,0000	000,0299	000,0000	
11.11.2021	08:00-09:00	000,0583	000,0000	000,0298	000,0000	
11.11.2021	09:00-10:00	000,1290	000,0000	000,0504	000,0000	
11.11.2021	10:00-11:00	000,0501	000,0000	000,0269	000,0000	
11.11.2021	11:00-12:00	000,0488	000,0000	000,0247	000,0000	
11.11.2021	12:00-13:00	000,0641	000,0000	000,0304	000,0000	
11.11.2021	13:00-14:00	000,1183	000,0000	000,0468	000,0000	
11.11.2021	14:00-15:00	000,1343	000,0000	000,0511	000,0000	
11.11.2021	15:00-16:00	000,1336	000,0000	000,0526	000,0000	
11.11.2021	16:00-17:00	000,1338	000,0000	000,0514	000,0000	
11.11.2021	17:00-18:00	000,0621	000,0000	000,0317	000,0000	
11.11.2021	18:00-19:00	000,0624	000,0000	000,0307	000,0000	
11.11.2021	19:00-20:00	000,0542	000,0000	000,0273	000,0000	
11.11.2021	20:00-21:00	000,0553	000,0000	000,0286	000,0000	
11.11.2021	21:00-22:00	000,0802	000,0000	000,0363	000,0000	
11.11.2021	22:00-23:00	000,0828	000,0000	000,0368	000,0000	
11.11.2021	23:00-24:00	000,0615	000,0000	000,0300	000,0000	
12.11.2021	00:00-01:00	000,0583	000,0000	000,0278	000,0000	
12.11.2021	01:00-02:00	000,0560	000,0000	000,0264	000,0000	
12.11.2021	02:00-03:00	000,0531	000,0000	000,0245	000,0000	
12.11.2021	03:00-04:00	000,0455	000,0000	000,0222	000,0000	
12.11.2021	04:00-05:00	000,0643	000,0000	000,0299	000,0000	
12.11.2021	05:00-06:00	000,0596	000,0000	000,0273	000,0000	
12.11.2021	06:00-07:00	000,0526	000,0000	000,0258	000,0000	
12.11.2021	07:00-08:00	000,0512	000,0000	000,0250	000,0000	
12.11.2021	08:00-09:00	000,0470	000,0000	000,0239	000,0000	
12.11.2021	09:00-10:00	000,0479	000,0000	000,0237	000,0000	
12.11.2021	10:00-11:00	000,0429	000,0000	000,0222	000,0000	
12.11.2021	11:00-12:00	000,0386	000,0000	000,0209	000,0000	
12.11.2021	12:00-13:00	000,0401	000,0000	000,0227	000,0000	
12.11.2021	13:00-14:00	000,0395	000,0000	000,0209	000,0000	
12.11.2021	14:00-15:00	000,0366	000,0000	000,0201	000,0000	
12.11.2021	15:00-16:00	000,0377	000,0000	000,0223	000,0000	
12.11.2021	16:00-17:00	000,0373	000,0000	000,0210	000,0000	
12.11.2021	17:00-18:00	000,0442	000,0000	000,0237	000,0000	
12.11.2021	18:00-19:00	000,0449	000,0000	000,0239	000,0000	
12.11.2021	19:00-20:00	000,0440	000,0000	000,0245	000,0000	
12.11.2021	20:00-21:00	000,0449	000,0000	000,0237	000,0000	
12.11.2021	21:00-22:00	000,0443	000,0000	000,0240	000,0000	
12.11.2021	22:00-23:00	000,0418	000,0000	000,0222	000,0000	
12.11.2021	23:00-24:00	000,0445	000,0000	000,0226	000,0000	
13.11.2021	00:00-01:00	000,0434	000,0000	000,0217	000,0000	
13.11.2021	01:00-02:00	000,0467	000,0000	000,0218	000,0000	
13.11.2021	02:00-03:00	000,0453	000,0000	000,0224	000,0000	
13.11.2021	03:00-04:00	000,0448	000,0000	000,0224	000,0000	
13.11.2021	04:00-05:00	000,0472	000,0000	000,0227	000,0000	
13.11.2021	05:00-06:00	000,0462	000,0000	000,0223	000,0000	
13.11.2021	06:00-07:00	000,0463	000,0000	000,0222	000,0000	
13.11.2021	07:00-08:00	000,0451	000,0000	000,0245	000,0000	
13.11.2021	08:00-09:00	000,0417	000,0000	000,0242	000,0000	
13.11.2021	09:00-10:00	000,0424	000,0000	000,0233	000,0000	
13.11.2021	10:00-11:00	000,0425	000,0000	000,0249	000,0000	
13.11.2021	11:00-12:00	000,0431	000,0000	000,0231	000,0000	
13.11.2021	12:00-13:00	000,0406	000,0000	000,0233	000,0000	
13.11.2021	13:00-14:00	000,0403	000,0000	000,0235	000,0000	
13.11.2021	14:00-15:00	000,0367	000,0000	000,0212	000,0000	
13.11.2021	15:00-16:00	000,0348	000,0000	000,0206	000,0000	
13.11.2021	16:00-17:00	000,0334	000,0000	000,0213	000,0000	
13.11.2021	17:00-18:00	000,0376	000,0000	000,0229	000,0000	
13.11.2021	18:00-19:00	000,0347	000,0000	000,0202	000,0000	
13.11.2021	19:00-20:00	000,0354	000,0000	000,0202	000,0000	
13.11.2021	20:00-21:00	000,0512	000,0000	000,0270	000,0000	
13.11.2021	21:00-22:00	000,0642	000,0000	000,0306	000,0000	
13.11.2021	22:00-23:00	000,0606	000,0000	000,0290	000,0000	
13.11.2021	23:00-24:00	000,0640	000,0000	000,0301	000,0000	
14.11.2021	00:00-01:00	000,0535	000,0000	000,0270	000,0000	
14.11.2021	01:00-02:00	000,0413	000,0000	000,0239	000,0000	
14.11.2021	02:00-03:00	000,0485	000,0000	000,0262	000,0000	
14.11.2021	03:00-04:00	000,0488	000,0000	000,0273	000,0000	
14.11.2021	04:00-05:00	000,0469	000,0000	000,0252	000,0000	
14.11.2021	05:00-06:00	000,0472	000,0000	000,0247	000,0000	
14.11.2021	06:00-07:00	000,0480	000,0000	000,0247	000,0000	
14.11.2021	07:00-08:00	000,0455	000,0000	000,0236	000,0000	
14.11.2021	08:00-09:00	000,0441	000,0000	000,0229	000,0000	
14.11.2021	09:00-10:00	000,0453	000,0000	000,0245	000,0000	
14.11.2021	10:00-11:00	000,0440	000,0000	000,0232	000,0000	
14.11.2021	11:00-12:00	000,0441	000,0000	000,0233	000,0000	
14.11.2021	12:00-13:00	000,0409	000,0000	000,0224	000,0000	
14.11.2021	13:00-14:00	000,0419	000,0000	000,0219	000,0000	
14.11.2021	14:00-15:00	000,0431	000,0000	000,0233	000,0000	
14.11.2021	15:00-16:00	000,0428	000,0000	000,0227	000,0000	
14.11.2021	16:00-17:00	000,0422	000,0000	000,0231	000,0000	
14.11.2021	17:00-18:00	000,0430	000,0000	000,0232	000,0000	
14.11.2021	18:00-19:00	000,0446	000,0000	000,0232	000,0000	
14.11.2021	19:00-20:00	000,0427	000,0000	000,0226	000,0000	
14.11.2021	20:00-21:00	000,0424	000,0000	000,0227	000,0000	
14.11.2021	21:00-22:00	000,0467	000,0000	000,0235	000,0000	
14.11.2021	22:00-23:00	000,0443	000,0000	000,0229	000,0000	
14.11.2021	23:00-24:00	000,0307	000,0000	000,0168	000,0000	
15.11.2021	00:00-01:00	000,0294	000,0000	000,0165	000,0000	
15.11.2021	01:00-02:00	000,0343	000,0000	000,0185	000,0000	
15.11.2021	02:00-03:00	000,0303	000,0000	000,0164	000,0000	
15.11.2021	03:00-04:00	000,0304	000,0000	000,0165	000,0000	
15.11.2021	04:00-05:00	000,0344	000,0000	000,0172	000,0000	
15.11.2021	05:00-06:00	000,0327	000,0000	000,0175	000,0000	
15.11.2021	06:00-07:00	000,0314	000,0000	000,0170	000,0000	
15.11.2021	07:00-08:00	000,0312	000,0000	000,0152	000,0000	
15.11.2021	08:00-09:00	000,0323	000,0000	000,0166	000,0000	
15.11.2021	09:00-10:00	000,0067	000,0000	000,0030	000,0000	
15.11.2021	10:00-11:00	000,0000	000,0000	000,0000	000,0000	
15.11.2021	11:00-12:00	000,0000	000,0000	000,0000	000,0000	
15.11.2021	12:00-13:00	000,0000	000,0000	000,0000	000,0000	
15.11.2021	13:00-14:00	000,0000	000,0000	000,0000	000,0000	
15.11.2021	14:00-15:00	000,0000	000,0000	000,0000	000,0000	
15.11.2021	15:00-16:00	000,0000	000,0000	000,0000	000,0000	
15.11.2021	16:00-17:00	000,0000	000,0000	000,0000	000,0000	
15.11.2021	17:00-18:00	000,0000	000,0000	000,0000	000,0000	
15.11.2021	18:00-19:00	000,0204	000,0000	000,0070	000,0000	
15.11.2021	19:00-20:00	000,0270	000,0000	000,0091	000,0000	
15.11.2021	20:00-21:00	000,0324	000,0000	000,0164	000,0000	
15.11.2021	21:00-22:00	000,0377	000,0000	000,0200	000,0000	
15.11.2021	22:00-23:00	000,0342	000,0000	000,0191	000,0000	
15.11.2021	23:00-24:00	000,0327	000,0000	000,0173	000,0000	
16.11.2021	00:00-01:00	000,0336	000,0000	000,0172	000,0000	
16.11.2021	01:00-02:00	000,0348	000,0000	000,0178	000,0000	
16.11.2021	02:00-03:00	000,0359	000,0000	000,0178	000,0000	
16.11.2021	03:00-04:00	000,0386	000,0000	000,0190	000,0000	
16.11.2021	04:00-05:00	000,0392	000,0000	000,0188	000,0000	
16.11.2021	05:00-06:00	000,0369	000,0000	000,0176	000,0000	
16.11.2021	06:00-07:00	000,0377	000,0000	000,0182	000,0000	
16.11.2021	07:00-08:00	000,0384	000,0000	000,0193	000,0000	
16.11.2021	08:00-09:00	000,0387	000,0000	000,0202	000,0000	
16.11.2021	09:00-10:00	000,0339	000,0000	000,0178	000,0000	
16.11.2021	10:00-11:00	000,0342	000,0000	000,0186	000,0000	
16.11.2021	11:00-12:00	000,0338	000,0000	000,0181	000,0000	
16.11.2021	12:00-13:00	000,0369	000,0000	000,0190	000,0000	
16.11.2021	13:00-14:00	000,0401	000,0000	000,0208	000,0000	
16.11.2021	14:00-15:00	000,0409	000,0000	000,0208	000,0000	
16.11.2021	15:00-16:00	000,0440	000,0000	000,0218	000,0000	
16.11.2021	16:00-17:00	000,0414	000,0000	000,0208	000,0000	
16.11.2021	17:00-18:00	000,0668	000,0000	000,0313	000,0000	
16.11.2021	18:00-19:00	000,0603	000,0000	000,0300	000,0000	
16.11.2021	19:00-20:00	000,0453	000,0000	000,0234	000,0000	
16.11.2021	20:00-21:00	000,0582	000,0000	000,0290	000,0000	
16.11.2021	21:00-22:00	000,0973	000,0000	000,0435	000,0000	
16.11.2021	22:00-23:00	000,1193	000,0000	000,0499	000,0000	
16.11.2021	23:00-24:00	000,1062	000,0000	000,0439	000,0000	
17.11.2021	00:00-01:00	000,1287	000,0000	000,0493	000,0000	
17.11.2021	01:00-02:00	000,1488	000,0000	000,0558	000,0000	
17.11.2021	02:00-03:00	000,1748	000,0000	000,0633	000,0000	
17.11.2021	03:00-04:00	000,1633	000,0000	000,0590	000,0000	
17.11.2021	04:00-05:00	000,1854	000,0000	000,0659	000,0000	
17.11.2021	05:00-06:00	000,1702	000,0000	000,0601	000,0000	
17.11.2021	06:00-07:00	000,1838	000,0000	000,0682	000,0000	
17.11.2021	07:00-08:00	000,1977	000,0000	000,0675	000,0000	
17.11.2021	08:00-09:00	000,1803	000,0000	000,0684	000,0000	
17.11.2021	09:00-10:00	000,1905	000,0000	000,0661	000,0000	
17.11.2021	10:00-11:00	000,2049	000,0000	000,0733	000,0000	
17.11.2021	11:00-12:00	000,1981	000,0000	000,0700	000,0000	
17.11.2021	12:00-13:00	000,1878	000,0000	000,0667	000,0000	
17.11.2021	13:00-14:00	000,1880	000,0000	000,0668	000,0000	
17.11.2021	14:00-15:00	000,1959	000,0000	000,0691	000,0000	
17.11.2021	15:00-16:00	000,1861	000,0000	000,0658	000,0000	
17.11.2021	16:00-17:00	000,2219	000,0000	000,0760	000,0000	
17.11.2021	17:00-18:00	000,2145	000,0000	000,0709	000,0000	
17.11.2021	18:00-19:00	000,0960	000,0000	000,0423	000,0000	
17.11.2021	19:00-20:00	000,1622	000,0000	000,0573	000,0000	
17.11.2021	20:00-21:00	000,1026	000,0000	000,0459	000,0000	
17.11.2021	21:00-22:00	000,0966	000,0000	000,0432	000,0000	
17.11.2021	22:00-23:00	000,1131	000,0000	000,0493	000,0000	
17.11.2021	23:00-24:00	000,2156	000,0000	000,0735	000,0000	
18.11.2021	00:00-01:00	000,2037	000,0000	000,0727	000,0000	
18.11.2021	01:00-02:00	000,2147	000,0000	000,0741	000,0000	
18.11.2021	02:00-03:00	000,1952	000,0000	000,0688	000,0000	
18.11.2021	03:00-04:00	000,2121	000,0000	000,0736	000,0000	
18.11.2021	04:00-05:00	000,2071	000,0000	000,0730	000,0000	
18.11.2021	05:00-06:00	000,1418	000,0000	000,0533	000,0000	
18.11.2021	06:00-07:00	000,1003	000,0000	000,0424	000,0000	
18.11.2021	07:00-08:00	000,1180	000,0000	000,0476	000,0000	
18.11.2021	08:00-09:00	000,1192	000,0000	000,0468	000,0000	
18.11.2021	09:00-10:00	000,1202	000,0000	000,0475	000,0000	
18.11.2021	10:00-11:00	000,0611	000,0000	000,0319	000,0000	
18.11.2021	11:00-12:00	000,1510	000,0000	000,0577	000,0000	
18.11.2021	12:00-13:00	000,0542	000,0000	000,0282	000,0000	
18.11.2021	13:00-14:00	000,0553	000,0000	000,0290	000,0000	
18.11.2021	14:00-15:00	000,1181	000,0000	000,0478	000,0000	
18.11.2021	15:00-16:00	000,1078	000,0000	000,0418	000,0000	
18.11.2021	16:00-17:00	000,1148	000,0000	000,0494	000,0000	
18.11.2021	17:00-18:00	000,0978	000,0000	000,0407	000,0000	
18.11.2021	18:00-19:00	000,0835	000,0000	000,0367	000,0000	
18.11.2021	19:00-20:00	000,0897	000,0000	000,0403	000,0000	
18.11.2021	20:00-21:00	000,0668	000,0000	000,0322	000,0000	
18.11.2021	21:00-22:00	000,0503	000,0000	000,0238	000,0000	
18.11.2021	22:00-23:00	000,0497	000,0000	000,0234	000,0000	
18.11.2021	23:00-24:00	000,0456	000,0000	000,0237	000,0000	
19.11.2021	00:00-01:00	000,0472	000,0000	000,0274	000,0000	
19.11.2021	01:00-02:00	000,0479	000,0000	000,0266	000,0000	
19.11.2021	02:00-03:00	000,0508	000,0000	000,0268	000,0000	
19.11.2021	03:00-04:00	000,0501	000,0000	000,0272	000,0000	
19.11.2021	04:00-05:00	000,0506	000,0000	000,0274	000,0000	
19.11.2021	05:00-06:00	000,0495	000,0000	000,0282	000,0000	
19.11.2021	06:00-07:00	000,0567	000,0000	000,0293	000,0000	
19.11.2021	07:00-08:00	000,0747	000,0000	000,0394	000,0000	
19.11.2021	08:00-09:00	000,0510	000,0000	000,0269	000,0000	
19.11.2021	09:00-10:00	000,0502	000,0000	000,0289	000,0000	
19.11.2021	10:00-11:00	000,0492	000,0000	000,0272	000,0000	
19.11.2021	11:00-12:00	000,0493	000,0000	000,0286	000,0000	
19.11.2021	12:00-13:00	000,0650	000,0000	000,0332	000,0000	
19.11.2021	13:00-14:00	000,0638	000,0000	000,0344	000,0000	
19.11.2021	14:00-15:00	000,0676	000,0000	000,0359	000,0000	
19.11.2021	15:00-16:00	000,0675	000,0000	000,0366	000,0000	
19.11.2021	16:00-17:00	000,0499	000,0000	000,0257	000,0000	
19.11.2021	17:00-18:00	000,0472	000,0000	000,0252	000,0000	
19.11.2021	18:00-19:00	000,0529	000,0000	000,0294	000,0000	
19.11.2021	19:00-20:00	000,0417	000,0000	000,0248	000,0000	
19.11.2021	20:00-21:00	000,0425	000,0000	000,0223	000,0000	
19.11.2021	21:00-22:00	000,0378	000,0000	000,0207	000,0000	
19.11.2021	22:00-23:00	000,0413	000,0000	000,0216	000,0000	
19.11.2021	23:00-24:00	000,0336	000,0000	000,0180	000,0000	
20.11.2021	00:00-01:00	000,0402	000,0000	000,0215	000,0000	
20.11.2021	01:00-02:00	000,0461	000,0000	000,0236	000,0000	
20.11.2021	02:00-03:00	000,0411	000,0000	000,0219	000,0000	
20.11.2021	03:00-04:00	000,0437	000,0000	000,0223	000,0000	
20.11.2021	04:00-05:00	000,0431	000,0000	000,0207	000,0000	
20.11.2021	05:00-06:00	000,0403	000,0000	000,0215	000,0000	
20.11.2021	06:00-07:00	000,0365	000,0000	000,0203	000,0000	
20.11.2021	07:00-08:00	000,0372	000,0000	000,0223	000,0000	
20.11.2021	08:00-09:00	000,0386	000,0000	000,0187	000,0000	
20.11.2021	09:00-10:00	000,0388	000,0000	000,0219	000,0000	
20.11.2021	10:00-11:00	000,0359	000,0000	000,0213	000,0000	
20.11.2021	11:00-12:00	000,0438	000,0000	000,0232	000,0000	
20.11.2021	12:00-13:00	000,0403	000,0000	000,0205	000,0000	
20.11.2021	13:00-14:00	000,0409	000,0000	000,0214	000,0000	
20.11.2021	14:00-15:00	000,0416	000,0000	000,0223	000,0000	
20.11.2021	15:00-16:00	000,0513	000,0000	000,0261	000,0000	
20.11.2021	16:00-17:00	000,0516	000,0000	000,0265	000,0000	
20.11.2021	17:00-18:00	000,0536	000,0000	000,0293	000,0000	
20.11.2021	18:00-19:00	000,0477	000,0000	000,0253	000,0000	
20.11.2021	19:00-20:00	000,0772	000,0000	000,0365	000,0000	
20.11.2021	20:00-21:00	000,0721	000,0000	000,0323	000,0000	
20.11.2021	21:00-22:00	000,0408	000,0000	000,0242	000,0000	
20.11.2021	22:00-23:00	000,0354	000,0000	000,0216	000,0000	
20.11.2021	23:00-24:00	000,0359	000,0000	000,0220	000,0000	
21.11.2021	00:00-01:00	000,0673	000,0000	000,0319	000,0000	
21.11.2021	01:00-02:00	000,1033	000,0000	000,0459	000,0000	
21.11.2021	02:00-03:00	000,0583	000,0000	000,0290	000,0000	
21.11.2021	03:00-04:00	000,1081	000,0000	000,0476	000,0000	
21.11.2021	04:00-05:00	000,1097	000,0000	000,0460	000,0000	
21.11.2021	05:00-06:00	000,1081	000,0000	000,0467	000,0000	
21.11.2021	06:00-07:00	000,1241	000,0000	000,0512	000,0000	
21.11.2021	07:00-08:00	000,1040	000,0000	000,0441	000,0000	
21.11.2021	08:00-09:00	000,1244	000,0000	000,0520	000,0000	
21.11.2021	09:00-10:00	000,1043	000,0000	000,0442	000,0000	
21.11.2021	10:00-11:00	000,0733	000,0000	000,0350	000,0000	
21.11.2021	11:00-12:00	000,1325	000,0000	000,0540	000,0000	
21.11.2021	12:00-13:00	000,1412	000,0000	000,0551	000,0000	
21.11.2021	13:00-14:00	000,1490	000,0000	000,0572	000,0000	
21.11.2021	14:00-15:00	000,1481	000,0000	000,0575	000,0000	
21.11.2021	15:00-16:00	000,1487	000,0000	000,0563	000,0000	
21.11.2021	16:00-17:00	000,1390	000,0000	000,0535	000,0000	
21.11.2021	17:00-18:00	000,1415	000,0000	000,0580	000,0000	
21.11.2021	18:00-19:00	000,1535	000,0000	000,0573	000,0000	
21.11.2021	19:00-20:00	000,1259	000,0000	000,0529	000,0000	
21.11.2021	20:00-21:00	000,1568	000,0000	000,0595	000,0000	
21.11.2021	21:00-22:00	000,1487	000,0000	000,0575	000,0000	
21.11.2021	22:00-23:00	000,1535	000,0000	000,0595	000,0000	
21.11.2021	23:00-24:00	000,1545	000,0000	000,0607	000,0000	
22.11.2021	00:00-01:00	000,1497	000,0000	000,0600	000,0000	
22.11.2021	01:00-02:00	000,0886	000,0000	000,0401	000,0000	
22.11.2021	02:00-03:00	000,0662	000,0000	000,0347	000,0000	
22.11.2021	03:00-04:00	000,0689	000,0000	000,0347	000,0000	
22.11.2021	04:00-05:00	000,0628	000,0000	000,0339	000,0000	
22.11.2021	05:00-06:00	000,0658	000,0000	000,0344	000,0000	
22.11.2021	06:00-07:00	000,0562	000,0000	000,0303	000,0000	
22.11.2021	07:00-08:00	000,0521	000,0000	000,0301	000,0000	
22.11.2021	08:00-09:00	000,0914	000,0000	000,0402	000,0000	
22.11.2021	09:00-10:00	000,0481	000,0000	000,0286	000,0000	
22.11.2021	10:00-11:00	000,0886	000,0000	000,0411	000,0000	
22.11.2021	11:00-12:00	000,0552	000,0000	000,0284	000,0000	
22.11.2021	12:00-13:00	000,0607	000,0000	000,0328	000,0000	
22.11.2021	13:00-14:00	000,1411	000,0000	000,0584	000,0000	
22.11.2021	14:00-15:00	000,1407	000,0000	000,0564	000,0000	
22.11.2021	15:00-16:00	000,1595	000,0000	000,0624	000,0000	
22.11.2021	16:00-17:00	000,1468	000,0000	000,0568	000,0000	
22.11.2021	17:00-18:00	000,1490	000,0000	000,0601	000,0000	
22.11.2021	18:00-19:00	000,1521	000,0000	000,0585	000,0000	
22.11.2021	19:00-20:00	000,1628	000,0000	000,0634	000,0000	
22.11.2021	20:00-21:00	000,1681	000,0000	000,0651	000,0000	
22.11.2021	21:00-22:00	000,1637	000,0000	000,0611	000,0000	
22.11.2021	22:00-23:00	000,1735	000,0000	000,0654	000,0000	
22.11.2021	23:00-24:00	000,1648	000,0000	000,0637	000,0000	
23.11.2021	00:00-01:00	000,1531	000,0000	000,0595	000,0000	
23.11.2021	01:00-02:00	000,1630	000,0000	000,0602	000,0000	
23.11.2021	02:00-03:00	000,1730	000,0000	000,0658	000,0000	
23.11.2021	03:00-04:00	000,1558	000,0000	000,0603	000,0000	
23.11.2021	04:00-05:00	000,1600	000,0000	000,0602	000,0000	
23.11.2021	05:00-06:00	000,1542	000,0000	000,0594	000,0000	
23.11.2021	06:00-07:00	000,1652	000,0000	000,0621	000,0000	
23.11.2021	07:00-08:00	000,1616	000,0000	000,0601	000,0000	
23.11.2021	08:00-09:00	000,1849	000,0000	000,0663	000,0000	
23.11.2021	09:00-10:00	000,1588	000,0000	000,0589	000,0000	
23.11.2021	10:00-11:00	000,1644	000,0000	000,0602	000,0000	
23.11.2021	11:00-12:00	000,1758	000,0000	000,0640	000,0000	
23.11.2021	12:00-13:00	000,1730	000,0000	000,0647	000,0000	
23.11.2021	13:00-14:00	000,1904	000,0000	000,0667	000,0000	
23.11.2021	14:00-15:00	000,1742	000,0000	000,0644	000,0000	
23.11.2021	15:00-16:00	000,1755	000,0000	000,0636	000,0000	
23.11.2021	16:00-17:00	000,1884	000,0000	000,0670	000,0000	
23.11.2021	17:00-18:00	000,1752	000,0000	000,0641	000,0000	
23.11.2021	18:00-19:00	000,1772	000,0000	000,0635	000,0000	
23.11.2021	19:00-20:00	000,1753	000,0000	000,0636	000,0000	
23.11.2021	20:00-21:00	000,1718	000,0000	000,0611	000,0000	
23.11.2021	21:00-22:00	000,1732	000,0000	000,0620	000,0000	
23.11.2021	22:00-23:00	000,1741	000,0000	000,0626	000,0000	
23.11.2021	23:00-24:00	000,1847	000,0000	000,0666	000,0000	
24.11.2021	00:00-01:00	000,1349	000,0000	000,0514	000,0000	
24.11.2021	01:00-02:00	000,1708	000,0000	000,0605	000,0000	
24.11.2021	02:00-03:00	000,1314	000,0000	000,0510	000,0000	
24.11.2021	03:00-04:00	000,1741	000,0000	000,0613	000,0000	
24.11.2021	04:00-05:00	000,1725	000,0000	000,0605	000,0000	
24.11.2021	05:00-06:00	000,1505	000,0000	000,0561	000,0000	
24.11.2021	06:00-07:00	000,1711	000,0000	000,0614	000,0000	
24.11.2021	07:00-08:00	000,1842	000,0000	000,0667	000,0000	
24.11.2021	08:00-09:00	000,1726	000,0000	000,0635	000,0000	
24.11.2021	09:00-10:00	000,1829	000,0000	000,0674	000,0000	
24.11.2021	10:00-11:00	000,1731	000,0000	000,0635	000,0000	
24.11.2021	11:00-12:00	000,1814	000,0000	000,0689	000,0000	
24.11.2021	12:00-13:00	000,1712	000,0000	000,0636	000,0000	
24.11.2021	13:00-14:00	000,1762	000,0000	000,0637	000,0000	
24.11.2021	14:00-15:00	000,1861	000,0000	000,0694	000,0000	
24.11.2021	15:00-16:00	000,2084	000,0000	000,0764	000,0000	
24.11.2021	16:00-17:00	000,1661	000,0000	000,0619	000,0000	
24.11.2021	17:00-18:00	000,1771	000,0000	000,0647	000,0000	
24.11.2021	18:00-19:00	000,1967	000,0000	000,0714	000,0000	
24.11.2021	19:00-20:00	000,1884	000,0000	000,0679	000,0000	
24.11.2021	20:00-21:00	000,1396	000,0000	000,0538	000,0000	
24.11.2021	21:00-22:00	000,0601	000,0000	000,0322	000,0000	
24.11.2021	22:00-23:00	000,1027	000,0000	000,0438	000,0000	
24.11.2021	23:00-24:00	000,0827	000,0000	000,0359	000,0000	
25.11.2021	00:00-01:00	000,0649	000,0000	000,0335	000,0000	
25.11.2021	01:00-02:00	000,0739	000,0000	000,0339	000,0000	
25.11.2021	02:00-03:00	000,0873	000,0000	000,0381	000,0000	
25.11.2021	03:00-04:00	000,1109	000,0000	000,0471	000,0000	
25.11.2021	04:00-05:00	000,1365	000,0000	000,0531	000,0000	
25.11.2021	05:00-06:00	000,0872	000,0000	000,0400	000,0000	
25.11.2021	06:00-07:00	000,0551	000,0000	000,0293	000,0000	
25.11.2021	07:00-08:00	000,0545	000,0000	000,0295	000,0000	
25.11.2021	08:00-09:00	000,0559	000,0000	000,0293	000,0000	
25.11.2021	09:00-10:00	000,0817	000,0000	000,0382	000,0000	
25.11.2021	10:00-11:00	000,1067	000,0000	000,0453	000,0000	
25.11.2021	11:00-12:00	000,1016	000,0000	000,0454	000,0000	
25.11.2021	12:00-13:00	000,0890	000,0000	000,0412	000,0000	
25.11.2021	13:00-14:00	000,0440	000,0000	000,0241	000,0000	
25.11.2021	14:00-15:00	000,0326	000,0000	000,0200	000,0000	
25.11.2021	15:00-16:00	000,0425	000,0000	000,0231	000,0000	
25.11.2021	16:00-17:00	000,0478	000,0000	000,0252	000,0000	
25.11.2021	17:00-18:00	000,0636	000,0000	000,0318	000,0000	
25.11.2021	18:00-19:00	000,0536	000,0000	000,0277	000,0000	
25.11.2021	19:00-20:00	000,0508	000,0000	000,0263	000,0000	
25.11.2021	20:00-21:00	000,0489	000,0000	000,0258	000,0000	
25.11.2021	21:00-22:00	000,0889	000,0000	000,0403	000,0000	
25.11.2021	22:00-23:00	000,1784	000,0000	000,0658	000,0000	
25.11.2021	23:00-24:00	000,1613	000,0000	000,0617	000,0000	
26.11.2021	00:00-01:00	000,1818	000,0000	000,0681	000,0000	
26.11.2021	01:00-02:00	000,1937	000,0000	000,0713	000,0000	
26.11.2021	02:00-03:00	000,2027	000,0000	000,0720	000,0000	
26.11.2021	03:00-04:00	000,1822	000,0000	000,0673	000,0000	
26.11.2021	04:00-05:00	000,1955	000,0000	000,0708	000,0000	
26.11.2021	05:00-06:00	000,2031	000,0000	000,0720	000,0000	
26.11.2021	06:00-07:00	000,1910	000,0000	000,0682	000,0000	
26.11.2021	07:00-08:00	000,1965	000,0000	000,0734	000,0000	
26.11.2021	08:00-09:00	000,1771	000,0000	000,0652	000,0000	
26.11.2021	09:00-10:00	000,2005	000,0000	000,0761	000,0000	
26.11.2021	10:00-11:00	000,2194	000,0000	000,0788	000,0000	
26.11.2021	11:00-12:00	000,1918	000,0000	000,0711	000,0000	
26.11.2021	12:00-13:00	000,1941	000,0000	000,0709	000,0000	
26.11.2021	13:00-14:00	000,2153	000,0000	000,0778	000,0000	
26.11.2021	14:00-15:00	000,1929	000,0000	000,0715	000,0000	
26.11.2021	15:00-16:00	000,1806	000,0000	000,0678	000,0000	
26.11.2021	16:00-17:00	000,1998	000,0000	000,0721	000,0000	
26.11.2021	17:00-18:00	000,1976	000,0000	000,0715	000,0000	
26.11.2021	18:00-19:00	000,1931	000,0000	000,0731	000,0000	
26.11.2021	19:00-20:00	000,1951	000,0000	000,0734	000,0000	
26.11.2021	20:00-21:00	000,1717	000,0000	000,0661	000,0000	
26.11.2021	21:00-22:00	000,1396	000,0000	000,0568	000,0000	
26.11.2021	22:00-23:00	000,2157	000,0000	000,0808	000,0000	
26.11.2021	23:00-24:00	000,2146	000,0000	000,0795	000,0000	
27.11.2021	00:00-01:00	000,1103	000,0000	000,0486	000,0000	
27.11.2021	01:00-02:00	000,0957	000,0000	000,0422	000,0000	
27.11.2021	02:00-03:00	000,1195	000,0000	000,0538	000,0000	
27.11.2021	03:00-04:00	000,1268	000,0000	000,0531	000,0000	
27.11.2021	04:00-05:00	000,0915	000,0000	000,0417	000,0000	
27.11.2021	05:00-06:00	000,0455	000,0000	000,0261	000,0000	
27.11.2021	06:00-07:00	000,0437	000,0000	000,0244	000,0000	
27.11.2021	07:00-08:00	000,0446	000,0000	000,0248	000,0000	
27.11.2021	08:00-09:00	000,0788	000,0000	000,0375	000,0000	
27.11.2021	09:00-10:00	000,0814	000,0000	000,0406	000,0000	
27.11.2021	10:00-11:00	000,0551	000,0000	000,0300	000,0000	
27.11.2021	11:00-12:00	000,0569	000,0000	000,0304	000,0000	
27.11.2021	12:00-13:00	000,0564	000,0000	000,0305	000,0000	
27.11.2021	13:00-14:00	000,0552	000,0000	000,0299	000,0000	
27.11.2021	14:00-15:00	000,0530	000,0000	000,0271	000,0000	
27.11.2021	15:00-16:00	000,0497	000,0000	000,0259	000,0000	
27.11.2021	16:00-17:00	000,0459	000,0000	000,0265	000,0000	
27.11.2021	17:00-18:00	000,0503	000,0000	000,0269	000,0000	
27.11.2021	18:00-19:00	000,0510	000,0000	000,0298	000,0000	
27.11.2021	19:00-20:00	000,0964	000,0000	000,0400	000,0000	
27.11.2021	20:00-21:00	000,0812	000,0000	000,0379	000,0000	
27.11.2021	21:00-22:00	000,0896	000,0000	000,0391	000,0000	
27.11.2021	22:00-23:00	000,0806	000,0000	000,0379	000,0000	
27.11.2021	23:00-24:00	000,0878	000,0000	000,0397	000,0000	
28.11.2021	00:00-01:00	000,0841	000,0000	000,0376	000,0000	
28.11.2021	01:00-02:00	000,0659	000,0000	000,0331	000,0000	
28.11.2021	02:00-03:00	000,1346	000,0000	000,0535	000,0000	
28.11.2021	03:00-04:00	000,0525	000,0000	000,0294	000,0000	
28.11.2021	04:00-05:00	000,0529	000,0000	000,0277	000,0000	
28.11.2021	05:00-06:00	000,0529	000,0000	000,0286	000,0000	
28.11.2021	06:00-07:00	000,0776	000,0000	000,0348	000,0000	
28.11.2021	07:00-08:00	000,0347	000,0000	000,0198	000,0000	
28.11.2021	08:00-09:00	000,0339	000,0000	000,0200	000,0000	
28.11.2021	09:00-10:00	000,0371	000,0000	000,0211	000,0000	
28.11.2021	10:00-11:00	000,0365	000,0000	000,0204	000,0000	
28.11.2021	11:00-12:00	000,0377	000,0000	000,0216	000,0000	
28.11.2021	12:00-13:00	000,0324	000,0000	000,0204	000,0000	
28.11.2021	13:00-14:00	000,0309	000,0000	000,0193	000,0000	
28.11.2021	14:00-15:00	000,0343	000,0000	000,0200	000,0000	
28.11.2021	15:00-16:00	000,0478	000,0000	000,0248	000,0000	
28.11.2021	16:00-17:00	000,0483	000,0000	000,0247	000,0000	
28.11.2021	17:00-18:00	000,0351	000,0000	000,0217	000,0000	
28.11.2021	18:00-19:00	000,0370	000,0000	000,0217	000,0000	
28.11.2021	19:00-20:00	000,0485	000,0000	000,0260	000,0000	
28.11.2021	20:00-21:00	000,0485	000,0000	000,0269	000,0000	
28.11.2021	21:00-22:00	000,0453	000,0000	000,0247	000,0000	
28.11.2021	22:00-23:00	000,0410	000,0000	000,0227	000,0000	
28.11.2021	23:00-24:00	000,0341	000,0000	000,0204	000,0000	
29.11.2021	00:00-01:00	000,0316	000,0000	000,0205	000,0000	
29.11.2021	01:00-02:00	000,0352	000,0000	000,0205	000,0000	
29.11.2021	02:00-03:00	000,0378	000,0000	000,0218	000,0000	
29.11.2021	03:00-04:00	000,0321	000,0000	000,0200	000,0000	
29.11.2021	04:00-05:00	000,0373	000,0000	000,0221	000,0000	
29.11.2021	05:00-06:00	000,0478	000,0000	000,0251	000,0000	
29.11.2021	06:00-07:00	000,0488	000,0000	000,0262	000,0000	
29.11.2021	07:00-08:00	000,0471	000,0000	000,0253	000,0000	
29.11.2021	08:00-09:00	000,0489	000,0000	000,0260	000,0000	
29.11.2021	09:00-10:00	000,0519	000,0000	000,0272	000,0000	
29.11.2021	10:00-11:00	000,0501	000,0000	000,0269	000,0000	
29.11.2021	11:00-12:00	000,0759	000,0000	000,0359	000,0000	
29.11.2021	12:00-13:00	000,1686	000,0000	000,0664	000,0000	
29.11.2021	13:00-14:00	000,1011	000,0000	000,0467	000,0000	
29.11.2021	14:00-15:00	000,1088	000,0000	000,0480	000,0000	
29.11.2021	15:00-16:00	000,1172	000,0000	000,0511	000,0000	
29.11.2021	16:00-17:00	000,1070	000,0000	000,0487	000,0000	
29.11.2021	17:00-18:00	000,0824	000,0000	000,0416	000,0000	
29.11.2021	18:00-19:00	000,0815	000,0000	000,0414	000,0000	
29.11.2021	19:00-20:00	000,0603	000,0000	000,0304	000,0000	
29.11.2021	20:00-21:00	000,0634	000,0000	000,0333	000,0000	
29.11.2021	21:00-22:00	000,0808	000,0000	000,0379	000,0000	
29.11.2021	22:00-23:00	000,0870	000,0000	000,0411	000,0000	
29.11.2021	23:00-24:00	000,0738	000,0000	000,0360	000,0000	
30.11.2021	00:00-01:00	000,0757	000,0000	000,0362	000,0000	
30.11.2021	01:00-02:00	000,0744	000,0000	000,0358	000,0000	
30.11.2021	02:00-03:00	000,0667	000,0000	000,0351	000,0000	
30.11.2021	03:00-04:00	000,0615	000,0000	000,0311	000,0000	
30.11.2021	04:00-05:00	000,0602	000,0000	000,0313	000,0000	
30.11.2021	05:00-06:00	000,0629	000,0000	000,0315	000,0000	
30.11.2021	06:00-07:00	000,0523	000,0000	000,0271	000,0000	
30.11.2021	07:00-08:00					Нет данных
30.11.2021	08:00-09:00					Нет данных
30.11.2021	09:00-10:00					Нет данных
30.11.2021	10:00-11:00					Нет данных
30.11.2021	11:00-12:00					Нет данных
30.11.2021	12:00-13:00					Нет данных
30.11.2021	13:00-14:00					Нет данных
30.11.2021	14:00-15:00					Нет данных
30.11.2021	15:00-16:00					Нет данных
30.11.2021	16:00-17:00					Нет данных
30.11.2021	17:00-18:00					Нет данных
30.11.2021	18:00-19:00					Нет данных
30.11.2021	19:00-20:00					Нет данных
30.11.2021	20:00-21:00					Нет данных
30.11.2021	21:00-22:00					Нет данных
30.11.2021	22:00-23:00					Нет данных
30.11.2021	23:00-24:00					Нет данных
